NOAA13C=[0.00	-7.222
0.00	-8.079
-9.83	-8.38
-9.83	-8.453
-19.30	-8.367
-19.30	-8.363
-19.75	-8.403
-34.70	-8.201
-34.70	-8.214
-34.72	-8.226
-49.70	-8.124
-49.70	-8.114
-50.00	-8.117
-57.40	-8.059
-57.40	-8.064
-63.85	-7.966
-63.85	-8.708
-64.03	-7.944
-64.03	-8.834
-64.03	-7.945
-65.50	-7.817
-65.50	-7.843
-65.75	-7.815
-66.90	-7.681
-66.90	-7.693
-68.05	-7.516
-68.30	-7.415
-68.30	-7.434
-69.80	-8.086
-69.80	-7.185
-69.80	-7.161
-70.05	-7.25
-71.40	-7.026
-71.40	-8.194
-71.40	-7.012
-72.00	-7.021
-72.00	-7
-72.85	-6.882
-72.85	-6.875
-73.80	-6.861
-73.80	-6.851
-74.08	-6.81
-74.08	-6.836
-75.60	-6.736
-75.60	-6.7
-75.90	-6.761
-75.90	-6.757
-77.75	-6.71
-77.75	-7.892
-77.75	-8.372
-77.75	-6.729];

NOAA18O=[0.00	-6.322
0.00	-0.049
-9.83	-0.491
-9.83	-14.574
-19.30	-1.119
-19.30	-1.272
-19.75	-0.958
-34.70	-1.795
-34.70	-2.371
-34.72	-1.841
-49.70	-2.794
-49.70	-3.567
-50.00	-2.784
-64.03	-7.159
-64.03	-1.482
-64.03	-7.001
-57.40	-3.529
-57.40	-3.53
-65.50	-8.857
-65.50	-8.684
-66.90	-12.713
-66.90	-11.511
-68.30	-14.422
-68.30	-14.569
-69.80	0.513
-69.80	-16.338
-69.80	-16.342
-63.85	-6.236
-63.85	-0.844
-71.40	-18.298
-71.40	-0.008
-71.40	-17.763
-65.75	-9.292
-72.85	-19.05
-72.85	-18.98
-68.05	-19.23
-73.80	-21.203
-73.80	-19.294
-75.60	-19.11
-75.60	-19.619
-70.05	-15.582
-72.00	-18.371
-72.00	-17.916
-74.00	-18.89
-74.00	-19.376
-75.90	-19.891
-75.90	-19.636
-78.00	-20.14
-78.00	0.094
-78.00	-0.247
-78.00	-19.85];

NOAAUShole =[0 -7.222	0.00	-6.322
0	-8.079	0.00	-0.049
-9.83	-8.38	-9.83	-0.491
-9.83	-8.453	-9.83	-14.574
-19.3	-8.367	-19.30	-1.119
-19.3	-8.363	-19.30	-1.272
-34.7	-8.201	-34.70	-1.795
-34.7	-8.214	-34.70	-2.371
-49.7	-8.124	-49.70	-2.794
-49.7	-8.114	-49.70	-3.567
-64.03	-7.944	-64.03	-7.159
-64.03	-8.834	-64.03	-1.482
-64.03	-7.945	-64.03	-7.001
-65.5	-7.817	-65.50	-8.857
-65.5	-7.843	-65.50	-8.684
-66.9	-7.681	-66.90	-12.713
-66.9	-7.693	-66.90	-11.511
-68.3	-7.415	-68.30	-14.422
-68.3	-7.434	-68.30	-14.569
-69.8	-8.086	-69.80	0.513
-69.8	-7.185	-69.80	-16.338
-69.8	-7.161	-69.80	-16.342
-71.4	-7.026	-71.40	-18.298
-71.4	-8.194	-71.40	-0.008
-71.4	-7.012	-71.40	-17.763
-72.85	-6.882	-72.85	-19.05
-72.85	-6.875	-72.85	-18.98
-73.8	-6.861	-73.80	-21.203
-73.8	-6.851	-73.80	-19.294
-75.6	-6.736	-75.60	-19.11
-75.6	-6.7	-75.60	-19.619];

NOAAEUhole = [-19.75	-8.403	-19.75	-0.958
-34.72	-8.226	-34.72	-1.841
-50.00	-8.117	-50.00	-2.784
-57.40	-8.059	-57.40	-3.529
-57.40	-8.064	-57.40	-3.53
-63.85	-7.966	-63.85	-6.236
-63.85	-8.708	-63.85	-0.844
-65.75	-7.815	-65.75	-9.292
-68.05	-7.516	-68.05	-19.23
-70.05	-7.25	-70.05	-15.582
-72.00	-7.021	-72.00	-18.371
-72.00	-7	-72.00	-17.916
-74.08	-6.81	-74.08	-18.89
-74.08	-6.836	-74.08	-19.376
-75.90	-6.761	-75.90	-19.891
-75.90	-6.757	-75.90	-19.636
-77.75	-6.71	-77.75	-20.14
-77.75	-7.892	-77.75	0.094
-77.75	-8.372	-77.75	-0.247
-77.75	-6.729	-77.75	-19.85];



